# 94 edges 
4.914655382857134
4.877958559999994
4.834597759999995
4.7848616
4.729251199999999
4.668256160000006
4.602354560000004
4.532012960000004
4.457686400000007
4.379818400000011
4.298840960000009
4.21517456000001
4.129228160000011
4.0413992000000105
3.9520736000000074
3.861625760000008
3.7704185600000075
3.678803360000003
3.5871200000000045
3.4956968000000015
3.404850560000001
3.314886560000004
3.2260985600000023
3.1387687999999985
3.0531679999999985
2.969555359999998
2.888178559999999
2.8092737599999995
2.733065599999999
2.6597672
2.5895801600000006
2.5226945600000024
2.4592889600000043
2.3995304000000033
2.343574400000003
2.2915649600000014
2.24363456
2.1999041600000018
2.1604832000000034
2.1254696
2.0949497600000004
2.0689985600000016
2.0476793600000027
2.031044000000003
2.019132800000002
2.0119745600000023
2.0095865600000042
2.0119745600000023
2.019132800000002
2.031044000000003
2.0476793600000027
2.068998560000002
2.0949497600000004
2.1254696000000006
2.1604832000000034
2.199904160000002
2.2436345600000003
2.2915649600000023
2.3435744000000036
2.3995304000000037
2.4592889600000074
2.5226945600000055
2.589580160000004
2.6597672000000037
2.7330656000000024
2.8092737600000044
2.8881785600000045
2.9695553600000006
3.0531680000000008
3.1387688000000007
3.2260985600000036
3.314886560000005
3.404850560000002
3.495696800000003
3.5871200000000014
3.6788033600000007
3.7704185600000057
3.861625760000007
3.952073600000007
4.04139920000001
4.12922816000001
4.215174560000015
4.29884096000002
4.379818400000023
4.457686400000018
4.532012960000014
4.602354560000015
4.668256160000018
4.729251200000022
4.7848616000000135
4.834597760000015
4.877958560000015
4.914431360000023
4.9434920000000195