#pt3d 93
-10 0 15
-9.476507549462484 0.0 15.0
-8.952935356343978 0.0 15.0
-8.429363163225473 0.0 15.0
-7.905790970106967 0.0 15.0
-7.382218776988467 0.0 15.0
-6.8586465838699615 0.0 15.0
-6.335074390751456 0.0 15.0
-5.81150219763295 0.0 15.0
-5.287930004514444 0.0 15.0
-4.7643578113959375 0.0 15.0
-4.240785618277432 0.0 15.0
-3.717213425158925 0.0 15.0
-3.193641232040419 0.0 15.0
-2.670069038921919 0.0 15.0
-2.1464968458034135 0.0 15.0
-1.6229246526849075 0.0 15.0
-1.099352459566402 0.0 15.0
-0.5757802664478944 0.0 15.0
-0.052208073329388816 0.0 15.0
0.4713641197891163 0.0 15.0
0.9949363129076236 0.0 15.0
1.5185085060261274 0.0 15.0
2.042080699144628 0.0 15.0
2.565652892263134 0.0 15.0
3.089225085381642 0.0 15.0
3.612797278500146 0.0 15.0
4.136369471618654 0.0 15.0
4.65994166473716 0.0 15.0
5.183513857855666 0.0 15.0
5.707086050974172 0.0 15.0
6.230658244092678 0.0 15.0
6.754230437211178 0.0 15.0
7.277802630329684 0.0 15.0
7.8013748234481906 0.0 15.0
8.324947016566695 0.0 15.0
8.8485192096852 0.0 15.0
9.372091402803708 0.0 15.0
9.895663595922214 0.0 15.0
10.419235789040716 0.0 15.0
10.942807982159222 0.0 15.0
11.466380175277727 0.0 15.0
11.989952368396233 0.0 15.0
12.513524561514735 0.0 15.0
13.037096754633241 0.0 15.0
13.560668947751747 0.0 15.0
14.084241140870253 0.0 15.0
14.607813333988759 0.0 15.0
15.13138552710726 0.0 15.0
15.654957720225767 0.0 15.0
16.178529913344274 0.0 15.0
16.702102106462778 0.0 15.0
17.225674299581286 0.0 15.0
17.74924649269979 0.0 15.0
18.272818685818297 0.0 15.0
18.796390878936805 0.0 15.0
19.319963072055312 0.0 15.0
19.843535265173816 0.0 15.0
20.367107458292324 0.0 15.0
20.890679651410828 0.0 15.0
21.414251844529332 0.0 15.0
21.93782403764784 0.0 15.0
22.461396230766344 0.0 15.0
22.984968423884848 0.0 15.0
23.508540617003355 0.0 15.0
24.03211281012186 0.0 15.0
24.55568500324037 0.0 15.0
25.079257196358874 0.0 15.0
25.60282938947738 0.0 15.0
26.126401582595886 0.0 15.0
26.649973775714393 0.0 15.0
27.173545968832897 0.0 15.0
27.697118161951405 0.0 15.0
28.220690355069912 0.0 15.0
28.744262548188416 0.0 15.0
29.26783474130692 0.0 15.0
29.791406934425428 0.0 15.0
30.314979127543932 0.0 15.0
30.838551320662436 0.0 15.0
31.362123513780944 0.0 15.0
31.885695706899448 0.0 15.0
32.40926790001795 0.0 15.0
32.932840093136456 0.0 15.0
33.45641228625496 0.0 15.0
33.979984479373464 0.0 15.0
34.50355667249197 0.0 15.0
35.02712886561047 0.0 15.0
35.550701058728976 0.0 15.0
36.07427325184748 0.0 15.0
36.597845444965984 0.0 15.0
37.12141763808449 0.0 15.0
37.64498983120299 0.0 15.0
38.16848228174051 0.0 15.0
